701054
701121
701237
375062
701220
3952
19776
142613
701055
166962
29597
166614
14919
178832
12916
701029
701233
14292
363337
329617
701030
34435
141936
141686
352871
146502
701051
12305
143086
701217
701107
701088
10101
17447
24233
176899
8585
34824
701201
305685
262303
177473
27580
7230
327399
8999
201991
701120
27140
701066
246125
18849
373719
701046
701197
377245
345240
151413
701069
166470
141456
701116
701232
701142
329497
18597
3540
701154
167496
701134
701211
252827
7856
151614
5646
30507
