39016
740055
701139
740070
124752
67907
100800
40926
108137
259892
40771
701195
740072
129396
109996
98777
3698
248821
124358
740050
121680
740027
85171
41602
241315
701250
29595
130706
123402
121288
107096
45814
129520
266286
266595
545701
39021
760023
675654
701007
45852
548717
740062
64419
760039
75438
82345
740037
147095
740083
740081
701016
81637
547273
249078
740036
740054
120711
66792
271189
740051
740015
675869
40772
128845
701102
264066
107550
273001
760019
701138
236210
133059
740042
760008
42028
740035
112182
73056
6490
760004
121621
701157
81834
701255
384505
229086
553695
740016
75448
261677
45569
255697
674944
259579
255852
701065
419324
45793
30509
133113
439941
15672
676842
553361
64624
113135
246690
2293
760016
43619
126874
740057
27581
42030
2819
264888
760018
552769
239031
675354
68236
272692
701185
656034
740060
740003
228690
760006
267360
30175
